   0.00000  0.00000e+00
   0.10000  3.00000e-06
   0.20000  7.00000e-06
   0.30000  8.00000e-06
   0.40000  1.10000e-05
   0.50000  1.00000e-05
   0.60000  1.50000e-05
   0.70000  1.60000e-05
   0.80000  2.40000e-05
   0.90000  1.70000e-05
   1.00000  2.70000e-05
   1.10000  2.10000e-05
   1.20000  2.10000e-05
   1.30000  2.10000e-05
   1.40000  3.00000e-05
   1.50000  2.50000e-05
   1.60000  3.10000e-05
   1.70000  2.50000e-05
   1.80000  3.40000e-05
   1.90000  2.10000e-05
   2.00000  3.40000e-05
   2.10000  3.90000e-05
   2.20000  3.70000e-05
   2.30000  3.50000e-05
   2.40000  2.80000e-05
   2.50000  4.30000e-05
   2.60000  3.80000e-05
   2.70000  4.80000e-05
   2.80000  4.90000e-05
   2.90000  3.60000e-05
   3.00000  5.00000e-05
   3.10000  5.40000e-05
   3.20000  4.20000e-05
   3.30000  4.20000e-05
   3.40000  3.90000e-05
   3.50000  4.60000e-05
   3.60000  4.90000e-05
   3.70000  6.10000e-05
   3.80000  5.70000e-05
   3.90000  4.80000e-05
   4.00000  6.00000e-05
   4.10000  5.70000e-05
   4.20000  5.70000e-05
   4.30000  5.50000e-05
   4.40000  5.70000e-05
   4.50000  5.10000e-05
   4.60000  5.50000e-05
   4.70000  5.00000e-05
   4.80000  4.90000e-05
   4.90000  6.40000e-05
   5.00000  5.80000e-05
   5.10000  6.50000e-05
   5.20000  6.60000e-05
   5.30000  5.10000e-05
   5.40000  5.60000e-05
   5.50000  6.30000e-05
   5.60000  6.80000e-05
   5.70000  5.20000e-05
   5.80000  6.30000e-05
   5.90000  5.70000e-05
   6.00000  4.60000e-05
   6.10000  4.90000e-05
   6.20000  6.20000e-05
   6.30000  7.10000e-05
   6.40000  5.60000e-05
   6.50000  5.70000e-05
   6.60000  5.70000e-05
   6.70000  6.40000e-05
   6.80000  5.50000e-05
   6.90000  7.50000e-05
   7.00000  7.20000e-05
   7.10000  6.40000e-05
   7.20000  7.70000e-05
   7.30000  7.20000e-05
   7.40000  6.80000e-05
   7.50000  6.30000e-05
   7.60000  7.60000e-05
   7.70000  6.20000e-05
   7.80000  6.50000e-05
   7.90000  8.10000e-05
   8.00000  7.70000e-05
   8.10000  6.60000e-05
   8.20000  7.50000e-05
   8.30000  6.90000e-05
   8.40000  7.30000e-05
   8.50000  7.10000e-05
   8.60000  5.40000e-05
   8.70000  6.10000e-05
   8.80000  8.00000e-05
   8.90000  9.20000e-05
   9.00000  9.10000e-05
   9.10000  7.40000e-05
   9.20000  8.30000e-05
   9.30000  8.20000e-05
   9.40000  7.90000e-05
   9.50000  7.00000e-05
   9.60000  8.30000e-05
   9.70000  8.10000e-05
   9.80000  8.40000e-05
   9.90000  8.10000e-05
  10.00000  8.60000e-05
  10.10000  6.90000e-05
  10.20000  8.30000e-05
  10.30000  9.10000e-05
  10.40000  8.90000e-05
  10.50000  7.60000e-05
  10.60000  8.60000e-05
  10.70000  7.40000e-05
  10.80000  8.50000e-05
  10.90000  8.60000e-05
  11.00000  7.30000e-05
  11.10000  6.70000e-05
  11.20000  8.10000e-05
  11.30000  8.50000e-05
  11.40000  9.30000e-05
  11.50000  9.80000e-05
  11.60000  8.10000e-05
  11.70000  8.00000e-05
  11.80000  8.00000e-05
  11.90000  8.60000e-05
  12.00000  8.50000e-05
  12.10000  8.10000e-05
  12.20000  1.09000e-04
  12.30000  7.70000e-05
  12.40000  7.10000e-05
  12.50000  9.00000e-05
  12.60000  9.90000e-05
  12.70000  9.60000e-05
  12.80000  8.10000e-05
  12.90000  8.10000e-05
  13.00000  9.40000e-05
  13.10000  8.80000e-05
  13.20000  8.30000e-05
  13.30000  7.00000e-05
  13.40000  8.90000e-05
  13.50000  1.02000e-04
  13.60000  7.80000e-05
  13.70000  8.40000e-05
  13.80000  8.40000e-05
  13.90000  8.30000e-05
  14.00000  8.10000e-05
  14.10000  7.80000e-05
  14.20000  8.10000e-05
  14.30000  1.05000e-04
  14.40000  8.80000e-05
  14.50000  9.30000e-05
  14.60000  9.20000e-05
  14.70000  9.60000e-05
  14.80000  9.00000e-05
  14.90000  1.03000e-04
  15.00000  9.40000e-05
  15.10000  9.60000e-05
  15.20000  8.90000e-05
  15.30000  7.20000e-05
  15.40000  9.40000e-05
  15.50000  9.60000e-05
  15.60000  8.90000e-05
  15.70000  8.40000e-05
  15.80000  9.30000e-05
  15.90000  9.80000e-05
  16.00000  9.50000e-05
  16.10000  8.30000e-05
  16.20000  1.02000e-04
  16.30000  9.70000e-05
  16.40000  9.10000e-05
  16.50000  9.10000e-05
  16.60000  8.60000e-05
  16.70000  1.01000e-04
  16.80000  6.90000e-05
  16.90000  9.00000e-05
  17.00000  8.40000e-05
  17.10000  9.10000e-05
  17.20000  1.07000e-04
  17.30000  9.60000e-05
  17.40000  1.02000e-04
  17.50000  1.20000e-04
  17.60000  8.90000e-05
  17.70000  8.90000e-05
  17.80000  9.50000e-05
  17.90000  9.60000e-05
  18.00000  9.00000e-05
  18.10000  9.60000e-05
  18.20000  1.16000e-04
  18.30000  1.04000e-04
  18.40000  1.20000e-04
  18.50000  1.07000e-04
  18.60000  1.21000e-04
  18.70000  8.50000e-05
  18.80000  1.25000e-04
  18.90000  9.90000e-05
  19.00000  1.18000e-04
  19.10000  1.05000e-04
  19.20000  1.01000e-04
  19.30000  1.04000e-04
  19.40000  1.08000e-04
  19.50000  1.11000e-04
  19.60000  9.70000e-05
  19.70000  1.00000e-04
  19.80000  9.30000e-05
  19.90000  1.14000e-04
  20.00000  1.03000e-04
  20.10000  9.30000e-05
  20.20000  1.01000e-04
  20.30000  9.70000e-05
  20.40000  1.17000e-04
  20.50000  1.18000e-04
  20.60000  9.50000e-05
  20.70000  1.10000e-04
  20.80000  9.10000e-05
  20.90000  1.08000e-04
  21.00000  1.03000e-04
  21.10000  1.18000e-04
  21.20000  1.23000e-04
  21.30000  1.21000e-04
  21.40000  1.44000e-04
  21.50000  1.06000e-04
  21.60000  1.09000e-04
  21.70000  1.16000e-04
  21.80000  1.08000e-04
  21.90000  1.16000e-04
  22.00000  1.11000e-04
  22.10000  1.09000e-04
  22.20000  1.27000e-04
  22.30000  1.36000e-04
  22.40000  1.08000e-04
  22.50000  1.22000e-04
  22.60000  1.20000e-04
  22.70000  1.19000e-04
  22.80000  1.11000e-04
  22.90000  1.19000e-04
  23.00000  1.09000e-04
  23.10000  1.07000e-04
  23.20000  1.36000e-04
  23.30000  1.16000e-04
  23.40000  1.25000e-04
  23.50000  1.44000e-04
  23.60000  1.12000e-04
  23.70000  1.24000e-04
  23.80000  1.32000e-04
  23.90000  1.21000e-04
  24.00000  1.30000e-04
  24.10000  1.36000e-04
  24.20000  1.40000e-04
  24.30000  1.16000e-04
  24.40000  1.17000e-04
  24.50000  1.13000e-04
  24.60000  1.26000e-04
  24.70000  1.28000e-04
  24.80000  1.08000e-04
  24.90000  1.14000e-04
  25.00000  1.09000e-04
  25.10000  1.38000e-04
  25.20000  1.09000e-04
  25.30000  1.03000e-04
  25.40000  1.15000e-04
  25.50000  1.07000e-04
  25.60000  1.31000e-04
  25.70000  1.05000e-04
  25.80000  1.44000e-04
  25.90000  1.04000e-04
  26.00000  1.13000e-04
  26.10000  1.38000e-04
  26.20000  1.19000e-04
  26.30000  1.35000e-04
  26.40000  1.19000e-04
  26.50000  1.43000e-04
  26.60000  1.20000e-04
  26.70000  1.03000e-04
  26.80000  1.32000e-04
  26.90000  1.15000e-04
  27.00000  1.20000e-04
  27.10000  1.25000e-04
  27.20000  1.24000e-04
  27.30000  1.14000e-04
  27.40000  1.24000e-04
  27.50000  1.34000e-04
  27.60000  1.15000e-04
  27.70000  1.20000e-04
  27.80000  1.13000e-04
  27.90000  1.35000e-04
  28.00000  1.22000e-04
  28.10000  1.26000e-04
  28.20000  1.18000e-04
  28.30000  1.37000e-04
  28.40000  1.09000e-04
  28.50000  1.22000e-04
  28.60000  1.34000e-04
  28.70000  1.35000e-04
  28.80000  1.32000e-04
  28.90000  1.16000e-04
  29.00000  1.41000e-04
  29.10000  1.43000e-04
  29.20000  1.29000e-04
  29.30000  1.56000e-04
  29.40000  1.38000e-04
  29.50000  1.24000e-04
  29.60000  1.60000e-04
  29.70000  1.25000e-04
  29.80000  1.53000e-04
  29.90000  1.42000e-04
  30.00000  1.33000e-04
  30.10000  1.59000e-04
  30.20000  1.44000e-04
  30.30000  1.21000e-04
  30.40000  1.42000e-04
  30.50000  1.33000e-04
  30.60000  1.69000e-04
  30.70000  1.42000e-04
  30.80000  1.25000e-04
  30.90000  1.35000e-04
  31.00000  1.58000e-04
  31.10000  1.39000e-04
  31.20000  1.30000e-04
  31.30000  1.29000e-04
  31.40000  1.36000e-04
  31.50000  1.38000e-04
  31.60000  1.24000e-04
  31.70000  1.49000e-04
  31.80000  1.43000e-04
  31.90000  1.77000e-04
  32.00000  1.50000e-04
  32.10000  1.39000e-04
  32.20000  1.19000e-04
  32.30000  1.42000e-04
  32.40000  1.65000e-04
  32.50000  1.48000e-04
  32.60000  1.17000e-04
  32.70000  1.45000e-04
  32.80000  1.38000e-04
  32.90000  1.40000e-04
  33.00000  1.70000e-04
  33.10000  1.67000e-04
  33.20000  1.33000e-04
  33.30000  1.41000e-04
  33.40000  1.57000e-04
  33.50000  1.47000e-04
  33.60000  1.54000e-04
  33.70000  1.65000e-04
  33.80000  1.64000e-04
  33.90000  1.64000e-04
  34.00000  1.44000e-04
  34.10000  1.62000e-04
  34.20000  1.56000e-04
  34.30000  1.40000e-04
  34.40000  1.55000e-04
  34.50000  1.68000e-04
  34.60000  1.52000e-04
  34.70000  1.40000e-04
  34.80000  1.32000e-04
  34.90000  1.63000e-04
  35.00000  1.43000e-04
  35.10000  1.52000e-04
  35.20000  1.47000e-04
  35.30000  1.50000e-04
  35.40000  1.57000e-04
  35.50000  1.57000e-04
  35.60000  1.48000e-04
  35.70000  1.64000e-04
  35.80000  1.48000e-04
  35.90000  1.49000e-04
  36.00000  1.54000e-04
  36.10000  1.46000e-04
  36.20000  1.61000e-04
  36.30000  1.75000e-04
  36.40000  1.61000e-04
  36.50000  1.49000e-04
  36.60000  1.51000e-04
  36.70000  1.75000e-04
  36.80000  1.69000e-04
  36.90000  1.77000e-04
  37.00000  1.52000e-04
  37.10000  1.52000e-04
  37.20000  1.60000e-04
  37.30000  1.92000e-04
  37.40000  1.67000e-04
  37.50000  1.59000e-04
  37.60000  1.71000e-04
  37.70000  1.74000e-04
  37.80000  1.69000e-04
  37.90000  1.63000e-04
  38.00000  1.55000e-04
  38.10000  1.90000e-04
  38.20000  1.83000e-04
  38.30000  1.70000e-04
  38.40000  1.79000e-04
  38.50000  1.61000e-04
  38.60000  1.64000e-04
  38.70000  1.48000e-04
  38.80000  1.99000e-04
  38.90000  1.56000e-04
  39.00000  1.75000e-04
  39.10000  1.76000e-04
  39.20000  1.64000e-04
  39.30000  1.73000e-04
  39.40000  1.80000e-04
  39.50000  1.62000e-04
  39.60000  1.83000e-04
  39.70000  1.57000e-04
  39.80000  1.59000e-04
  39.90000  1.85000e-04
  40.00000  1.92000e-04
  40.10000  1.76000e-04
  40.20000  1.91000e-04
  40.30000  1.86000e-04
  40.40000  1.66000e-04
  40.50000  2.02000e-04
  40.60000  1.67000e-04
  40.70000  1.79000e-04
  40.80000  2.03000e-04
  40.90000  1.81000e-04
  41.00000  1.76000e-04
  41.10000  1.94000e-04
  41.20000  1.80000e-04
  41.30000  1.79000e-04
  41.40000  1.88000e-04
  41.50000  1.74000e-04
  41.60000  1.79000e-04
  41.70000  1.54000e-04
  41.80000  1.85000e-04
  41.90000  1.81000e-04
  42.00000  1.89000e-04
  42.10000  1.72000e-04
  42.20000  1.94000e-04
  42.30000  2.03000e-04
  42.40000  1.58000e-04
  42.50000  1.81000e-04
  42.60000  1.62000e-04
  42.70000  1.92000e-04
  42.80000  1.98000e-04
  42.90000  1.73000e-04
  43.00000  1.92000e-04
  43.10000  1.93000e-04
  43.20000  1.86000e-04
  43.30000  1.90000e-04
  43.40000  1.86000e-04
  43.50000  1.84000e-04
  43.60000  1.89000e-04
  43.70000  2.20000e-04
  43.80000  1.92000e-04
  43.90000  1.85000e-04
  44.00000  1.84000e-04
  44.10000  1.95000e-04
  44.20000  1.83000e-04
  44.30000  1.88000e-04
  44.40000  1.84000e-04
  44.50000  2.19000e-04
  44.60000  1.83000e-04
  44.70000  1.77000e-04
  44.80000  2.04000e-04
  44.90000  1.97000e-04
  45.00000  2.02000e-04
  45.10000  1.98000e-04
  45.20000  2.26000e-04
  45.30000  2.07000e-04
  45.40000  1.87000e-04
  45.50000  2.02000e-04
  45.60000  2.03000e-04
  45.70000  2.06000e-04
  45.80000  2.01000e-04
  45.90000  2.38000e-04
  46.00000  2.06000e-04
  46.10000  2.02000e-04
  46.20000  2.05000e-04
  46.30000  2.15000e-04
  46.40000  2.12000e-04
  46.50000  2.23000e-04
  46.60000  2.05000e-04
  46.70000  2.08000e-04
  46.80000  2.02000e-04
  46.90000  2.20000e-04
  47.00000  2.13000e-04
  47.10000  2.22000e-04
  47.20000  1.95000e-04
  47.30000  1.89000e-04
  47.40000  1.95000e-04
  47.50000  1.89000e-04
  47.60000  1.96000e-04
  47.70000  2.02000e-04
  47.80000  2.13000e-04
  47.90000  2.28000e-04
  48.00000  2.43000e-04
  48.10000  2.15000e-04
  48.20000  2.13000e-04
  48.30000  2.10000e-04
  48.40000  2.11000e-04
  48.50000  1.90000e-04
  48.60000  1.90000e-04
  48.70000  2.41000e-04
  48.80000  2.12000e-04
  48.90000  2.04000e-04
  49.00000  2.17000e-04
  49.10000  2.24000e-04
  49.20000  2.16000e-04
  49.30000  2.13000e-04
  49.40000  2.05000e-04
  49.50000  2.08000e-04
  49.60000  2.18000e-04
  49.70000  2.27000e-04
  49.80000  2.22000e-04
  49.90000  2.31000e-04
  50.00000  2.08000e-04
  50.10000  2.44000e-04
  50.20000  2.53000e-04
  50.30000  2.25000e-04
  50.40000  2.11000e-04
  50.50000  2.14000e-04
  50.60000  2.12000e-04
  50.70000  2.51000e-04
  50.80000  2.51000e-04
  50.90000  2.00000e-04
  51.00000  2.42000e-04
  51.10000  2.18000e-04
  51.20000  2.29000e-04
  51.30000  2.42000e-04
  51.40000  2.36000e-04
  51.50000  2.58000e-04
  51.60000  2.38000e-04
  51.70000  2.43000e-04
  51.80000  2.29000e-04
  51.90000  2.49000e-04
  52.00000  2.49000e-04
  52.10000  2.51000e-04
  52.20000  2.54000e-04
  52.30000  2.44000e-04
  52.40000  2.53000e-04
  52.50000  2.37000e-04
  52.60000  2.46000e-04
  52.70000  2.64000e-04
  52.80000  2.23000e-04
  52.90000  2.47000e-04
  53.00000  2.05000e-04
  53.10000  2.63000e-04
  53.20000  2.50000e-04
  53.30000  2.67000e-04
  53.40000  2.55000e-04
  53.50000  2.64000e-04
  53.60000  2.62000e-04
  53.70000  2.68000e-04
  53.80000  2.47000e-04
  53.90000  2.59000e-04
  54.00000  2.72000e-04
  54.10000  2.31000e-04
  54.20000  2.68000e-04
  54.30000  2.49000e-04
  54.40000  2.89000e-04
  54.50000  2.51000e-04
  54.60000  2.85000e-04
  54.70000  2.78000e-04
  54.80000  2.83000e-04
  54.90000  2.78000e-04
  55.00000  2.81000e-04
  55.10000  2.49000e-04
  55.20000  2.85000e-04
  55.30000  2.72000e-04
  55.40000  2.71000e-04
  55.50000  2.83000e-04
  55.60000  2.86000e-04
  55.70000  2.87000e-04
  55.80000  2.73000e-04
  55.90000  2.67000e-04
  56.00000  2.80000e-04
  56.10000  2.65000e-04
  56.20000  2.81000e-04
  56.30000  2.84000e-04
  56.40000  2.81000e-04
  56.50000  2.70000e-04
  56.60000  2.75000e-04
  56.70000  2.83000e-04
  56.80000  2.87000e-04
  56.90000  2.83000e-04
  57.00000  2.97000e-04
  57.10000  3.06000e-04
  57.20000  3.12000e-04
  57.30000  2.85000e-04
  57.40000  2.94000e-04
  57.50000  2.99000e-04
  57.60000  2.96000e-04
  57.70000  3.01000e-04
  57.80000  2.99000e-04
  57.90000  2.80000e-04
  58.00000  3.05000e-04
  58.10000  2.97000e-04
  58.20000  3.20000e-04
  58.30000  2.94000e-04
  58.40000  2.97000e-04
  58.50000  3.20000e-04
  58.60000  3.34000e-04
  58.70000  3.21000e-04
  58.80000  3.00000e-04
  58.90000  2.98000e-04
  59.00000  2.88000e-04
  59.10000  2.86000e-04
  59.20000  3.04000e-04
  59.30000  2.85000e-04
  59.40000  2.77000e-04
  59.50000  3.20000e-04
  59.60000  3.03000e-04
  59.70000  3.07000e-04
  59.80000  3.32000e-04
  59.90000  3.29000e-04
  60.00000  3.05000e-04
  60.10000  3.04000e-04
  60.20000  3.09000e-04
  60.30000  3.35000e-04
  60.40000  3.29000e-04
  60.50000  3.17000e-04
  60.60000  3.04000e-04
  60.70000  3.21000e-04
  60.80000  3.28000e-04
  60.90000  2.96000e-04
  61.00000  3.33000e-04
  61.10000  3.51000e-04
  61.20000  3.41000e-04
  61.30000  3.10000e-04
  61.40000  3.21000e-04
  61.50000  3.30000e-04
  61.60000  3.24000e-04
  61.70000  3.19000e-04
  61.80000  3.41000e-04
  61.90000  3.48000e-04
  62.00000  3.15000e-04
  62.10000  3.15000e-04
  62.20000  3.13000e-04
  62.30000  3.11000e-04
  62.40000  3.18000e-04
  62.50000  3.78000e-04
  62.60000  3.73000e-04
  62.70000  3.55000e-04
  62.80000  3.12000e-04
  62.90000  3.35000e-04
  63.00000  3.50000e-04
  63.10000  3.32000e-04
  63.20000  3.63000e-04
  63.30000  3.78000e-04
  63.40000  3.54000e-04
  63.50000  3.34000e-04
  63.60000  3.37000e-04
  63.70000  3.23000e-04
  63.80000  3.31000e-04
  63.90000  3.51000e-04
  64.00000  3.47000e-04
  64.10000  3.42000e-04
  64.20000  3.56000e-04
  64.30000  3.48000e-04
  64.40000  3.91000e-04
  64.50000  3.64000e-04
  64.60000  3.35000e-04
  64.70000  4.04000e-04
  64.80000  3.71000e-04
  64.90000  3.52000e-04
  65.00000  3.94000e-04
  65.10000  3.66000e-04
  65.20000  3.87000e-04
  65.30000  3.55000e-04
  65.40000  3.55000e-04
  65.50000  3.53000e-04
  65.60000  3.82000e-04
  65.70000  3.89000e-04
  65.80000  3.99000e-04
  65.90000  3.98000e-04
  66.00000  3.67000e-04
  66.10000  3.70000e-04
  66.20000  3.71000e-04
  66.30000  3.60000e-04
  66.40000  4.09000e-04
  66.50000  3.70000e-04
  66.60000  3.80000e-04
  66.70000  3.88000e-04
  66.80000  4.08000e-04
  66.90000  3.83000e-04
  67.00000  3.94000e-04
  67.10000  4.09000e-04
  67.20000  3.93000e-04
  67.30000  4.23000e-04
  67.40000  3.87000e-04
  67.50000  4.08000e-04
  67.60000  3.98000e-04
  67.70000  3.98000e-04
  67.80000  4.07000e-04
  67.90000  4.26000e-04
  68.00000  3.81000e-04
  68.10000  4.09000e-04
  68.20000  4.31000e-04
  68.30000  4.23000e-04
  68.40000  4.39000e-04
  68.50000  4.31000e-04
  68.60000  4.20000e-04
  68.70000  4.37000e-04
  68.80000  4.52000e-04
  68.90000  4.35000e-04
  69.00000  4.57000e-04
  69.10000  4.54000e-04
  69.20000  4.24000e-04
  69.30000  4.55000e-04
  69.40000  4.04000e-04
  69.50000  3.99000e-04
  69.60000  4.18000e-04
  69.70000  4.31000e-04
  69.80000  4.46000e-04
  69.90000  4.10000e-04
  70.00000  4.00000e-04
  70.10000  4.47000e-04
  70.20000  4.09000e-04
  70.30000  4.18000e-04
  70.40000  4.44000e-04
  70.50000  4.66000e-04
  70.60000  4.98000e-04
  70.70000  4.63000e-04
  70.80000  4.78000e-04
  70.90000  4.67000e-04
  71.00000  4.72000e-04
  71.10000  4.57000e-04
  71.20000  4.46000e-04
  71.30000  4.80000e-04
  71.40000  4.58000e-04
  71.50000  4.63000e-04
  71.60000  4.49000e-04
  71.70000  4.87000e-04
  71.80000  5.17000e-04
  71.90000  4.77000e-04
  72.00000  4.83000e-04
  72.10000  5.04000e-04
  72.20000  4.71000e-04
  72.30000  4.90000e-04
  72.40000  4.81000e-04
  72.50000  4.80000e-04
  72.60000  4.92000e-04
  72.70000  4.86000e-04
  72.80000  4.92000e-04
  72.90000  4.75000e-04
  73.00000  4.90000e-04
  73.10000  5.24000e-04
  73.20000  4.84000e-04
  73.30000  4.97000e-04
  73.40000  4.68000e-04
  73.50000  5.18000e-04
  73.60000  4.78000e-04
  73.70000  5.44000e-04
  73.80000  5.03000e-04
  73.90000  5.06000e-04
  74.00000  5.19000e-04
  74.10000  5.34000e-04
  74.20000  5.32000e-04
  74.30000  5.12000e-04
  74.40000  5.60000e-04
  74.50000  5.35000e-04
  74.60000  5.54000e-04
  74.70000  5.72000e-04
  74.80000  5.61000e-04
  74.90000  5.69000e-04
  75.00000  5.58000e-04
  75.10000  5.53000e-04
  75.20000  5.77000e-04
  75.30000  5.54000e-04
  75.40000  5.58000e-04
  75.50000  5.62000e-04
  75.60000  5.81000e-04
  75.70000  6.01000e-04
  75.80000  5.20000e-04
  75.90000  5.50000e-04
  76.00000  5.33000e-04
  76.10000  5.84000e-04
  76.20000  5.41000e-04
  76.30000  6.12000e-04
  76.40000  6.11000e-04
  76.50000  5.83000e-04
  76.60000  5.93000e-04
  76.70000  5.90000e-04
  76.80000  5.92000e-04
  76.90000  5.83000e-04
  77.00000  6.00000e-04
  77.10000  6.08000e-04
  77.20000  5.97000e-04
  77.30000  5.92000e-04
  77.40000  5.79000e-04
  77.50000  6.40000e-04
  77.60000  6.08000e-04
  77.70000  6.29000e-04
  77.80000  6.16000e-04
  77.90000  6.25000e-04
  78.00000  6.16000e-04
  78.10000  6.27000e-04
  78.20000  6.08000e-04
  78.30000  6.67000e-04
  78.40000  6.62000e-04
  78.50000  6.60000e-04
  78.60000  6.80000e-04
  78.70000  6.35000e-04
  78.80000  6.18000e-04
  78.90000  6.06000e-04
  79.00000  6.17000e-04
  79.10000  6.34000e-04
  79.20000  6.45000e-04
  79.30000  6.27000e-04
  79.40000  6.97000e-04
  79.50000  6.45000e-04
  79.60000  6.60000e-04
  79.70000  6.75000e-04
  79.80000  6.87000e-04
  79.90000  6.83000e-04
  80.00000  6.37000e-04
  80.10000  7.15000e-04
  80.20000  7.07000e-04
  80.30000  6.85000e-04
  80.40000  6.94000e-04
  80.50000  7.13000e-04
  80.60000  7.25000e-04
  80.70000  7.53000e-04
  80.80000  7.11000e-04
  80.90000  7.19000e-04
  81.00000  7.07000e-04
  81.10000  7.32000e-04
  81.20000  7.48000e-04
  81.30000  6.98000e-04
  81.40000  7.48000e-04
  81.50000  7.61000e-04
  81.60000  7.56000e-04
  81.70000  7.42000e-04
  81.80000  6.86000e-04
  81.90000  7.84000e-04
  82.00000  7.42000e-04
  82.10000  7.66000e-04
  82.20000  7.53000e-04
  82.30000  8.01000e-04
  82.40000  7.71000e-04
  82.50000  8.14000e-04
  82.60000  7.88000e-04
  82.70000  8.02000e-04
  82.80000  7.95000e-04
  82.90000  8.33000e-04
  83.00000  8.16000e-04
  83.10000  8.28000e-04
  83.20000  8.45000e-04
  83.30000  8.38000e-04
  83.40000  8.16000e-04
  83.50000  8.03000e-04
  83.60000  8.25000e-04
  83.70000  8.47000e-04
  83.80000  8.62000e-04
  83.90000  8.44000e-04
  84.00000  7.88000e-04
  84.10000  8.96000e-04
  84.20000  8.70000e-04
  84.30000  8.64000e-04
  84.40000  8.97000e-04
  84.50000  8.83000e-04
  84.60000  8.10000e-04
  84.70000  8.84000e-04
  84.80000  9.07000e-04
  84.90000  9.37000e-04
  85.00000  8.51000e-04
  85.10000  9.01000e-04
  85.20000  8.76000e-04
  85.30000  9.12000e-04
  85.40000  9.18000e-04
  85.50000  9.39000e-04
  85.60000  9.42000e-04
  85.70000  9.39000e-04
  85.80000  9.72000e-04
  85.90000  9.28000e-04
  86.00000  9.63000e-04
  86.10000  9.44000e-04
  86.20000  9.70000e-04
  86.30000  1.04500e-03
  86.40000  9.92000e-04
  86.50000  1.01100e-03
  86.60000  9.41000e-04
  86.70000  1.08100e-03
  86.80000  1.01000e-03
  86.90000  1.00500e-03
  87.00000  9.90000e-04
  87.10000  1.03800e-03
  87.20000  1.06300e-03
  87.30000  1.05000e-03
  87.40000  1.06600e-03
  87.50000  1.10100e-03
  87.60000  1.06300e-03
  87.70000  1.13400e-03
  87.80000  1.08900e-03
  87.90000  1.11700e-03
  88.00000  1.06300e-03
  88.10000  1.13000e-03
  88.20000  1.14200e-03
  88.30000  1.17000e-03
  88.40000  1.20400e-03
  88.50000  1.14700e-03
  88.60000  1.16900e-03
  88.70000  1.13100e-03
  88.80000  1.15800e-03
  88.90000  1.24700e-03
  89.00000  1.18600e-03
  89.10000  1.16100e-03
  89.20000  1.20700e-03
  89.30000  1.20800e-03
  89.40000  1.21400e-03
  89.50000  1.31600e-03
  89.60000  1.28200e-03
  89.70000  1.31900e-03
  89.80000  1.25300e-03
  89.90000  1.32300e-03
  90.00000  1.26500e-03
  90.10000  1.28200e-03
  90.20000  1.26800e-03
  90.30000  1.28000e-03
  90.40000  1.26400e-03
  90.50000  1.31500e-03
  90.60000  1.25900e-03
  90.70000  1.34300e-03
  90.80000  1.35000e-03
  90.90000  1.40100e-03
  91.00000  1.33000e-03
  91.10000  1.38300e-03
  91.20000  1.40100e-03
  91.30000  1.40700e-03
  91.40000  1.41300e-03
  91.50000  1.47100e-03
  91.60000  1.46200e-03
  91.70000  1.43500e-03
  91.80000  1.54600e-03
  91.90000  1.46000e-03
  92.00000  1.51800e-03
  92.10000  1.45100e-03
  92.20000  1.50900e-03
  92.30000  1.56500e-03
  92.40000  1.58400e-03
  92.50000  1.59400e-03
  92.60000  1.63300e-03
  92.70000  1.61700e-03
  92.80000  1.63300e-03
  92.90000  1.63200e-03
  93.00000  1.67900e-03
  93.10000  1.62400e-03
  93.20000  1.68300e-03
  93.30000  1.74000e-03
  93.40000  1.83400e-03
  93.50000  1.74200e-03
  93.60000  1.74600e-03
  93.70000  1.74300e-03
  93.80000  1.69100e-03
  93.90000  1.77500e-03
  94.00000  1.85000e-03
  94.10000  1.89400e-03
  94.20000  1.88700e-03
  94.30000  1.89500e-03
  94.40000  1.98500e-03
  94.50000  1.87500e-03
  94.60000  1.94000e-03
  94.70000  1.90300e-03
  94.80000  1.97200e-03
  94.90000  1.95800e-03
  95.00000  2.03700e-03
  95.10000  2.03700e-03
  95.20000  1.99100e-03
  95.30000  2.05700e-03
  95.40000  2.05900e-03
  95.50000  2.12700e-03
  95.60000  2.15800e-03
  95.70000  2.20600e-03
  95.80000  2.19800e-03
  95.90000  2.28400e-03
  96.00000  2.30200e-03
  96.10000  2.39100e-03
  96.20000  2.32700e-03
  96.30000  2.27600e-03
  96.40000  2.28300e-03
  96.50000  2.46400e-03
  96.60000  2.48900e-03
  96.70000  2.60300e-03
  96.80000  2.48500e-03
  96.90000  2.50000e-03
  97.00000  2.66500e-03
  97.10000  2.57800e-03
  97.20000  2.62100e-03
  97.30000  2.75400e-03
  97.40000  2.72800e-03
  97.50000  2.75600e-03
  97.60000  2.79200e-03
  97.70000  2.73000e-03
  97.80000  2.95900e-03
  97.90000  2.94500e-03
  98.00000  3.07900e-03
  98.10000  3.07100e-03
  98.20000  2.99500e-03
  98.30000  3.05300e-03
  98.40000  3.09300e-03
  98.50000  3.19600e-03
  98.60000  3.24700e-03
  98.70000  3.33700e-03
  98.80000  3.35000e-03
  98.90000  3.43900e-03
  99.00000  3.49200e-03
  99.10000  3.51900e-03
  99.20000  3.55400e-03
  99.30000  3.69800e-03
  99.40000  3.72600e-03
  99.50000  3.80500e-03
  99.60000  3.82600e-03
  99.70000  3.96600e-03
  99.80000  4.08300e-03
  99.90000  4.04300e-03
 100.00000  4.09300e-03
 100.10000  4.26800e-03
 100.20000  4.38400e-03
 100.30000  4.50700e-03
 100.40000  4.65400e-03
 100.50000  4.69400e-03
 100.60000  4.87400e-03
 100.70000  4.95300e-03
 100.80000  5.16500e-03
 100.90000  5.22800e-03
 101.00000  5.34500e-03
 101.10000  5.48800e-03
 101.20000  5.61700e-03
 101.30000  5.83200e-03
 101.40000  5.93300e-03
 101.50000  6.12100e-03
 101.60000  6.22700e-03
 101.70000  6.45400e-03
 101.80000  6.66800e-03
 101.90000  7.04000e-03
 102.00000  7.06000e-03
 102.10000  7.41000e-03
 102.20000  7.52300e-03
 102.30000  7.90200e-03
 102.40000  8.07200e-03
 102.50000  8.70500e-03
 102.60000  8.78700e-03
 102.70000  9.26600e-03
 102.80000  9.85100e-03
 102.90000  1.03100e-02
 103.00000  1.08670e-02
 103.10000  1.12380e-02
 103.20000  1.19430e-02
 103.30000  1.28230e-02
 103.40000  1.34910e-02
 103.50000  1.44020e-02
 103.60000  1.53640e-02
 103.70000  1.66600e-02
 103.80000  1.79080e-02
 103.90000  1.98220e-02
 104.00000  2.12670e-02
 104.10000  2.40960e-02
 104.20000  2.69540e-02
 104.30000  3.08350e-02
 104.40000  3.67010e-02
 104.50000  4.42680e-02
 104.60000  5.54890e-02
 104.70000  7.55100e-02
 104.80000  1.20308e-01
 104.90000  3.23452e-01
 105.00000  8.40825e+00
