# tabulated electron energy spectrum for Ca^40, in MeV
# from R. Watanabe et al, Atomic Data And Nuclear Data Tables 54, 165-178 (1993)
 1   0.589e-4
 2   0.240e-3
 3   0.526e-3
 4   0.901e-3
 5   0.136e-2
 6   0.189e-2
 7   0.249e-2
 8   0.314e-2
 9   0.385e-2
10   0.462e-2
11   0.542e-2
12   0.626e-2
13   0.715e-2
14   0.806e-2
15   0.901e-2
16   0.998e-2
17   0.110e-1
18   0.120e-1
19   0.130e-1
20   0.141e-1
21   0.151e-1
22   0.162e-1
23   0.173e-1
24   0.183e-1
25   0.194e-1
26   0.205e-1
27   0.215e-1
28   0.226e-1
29   0.236e-1
30   0.246e-1
31   0.256e-1
32   0.265e-1
33   0.275e-1
34   0.284e-1
35   0.292e-1
36   0.301e-1
37   0.308e-1
38   0.315e-1
39   0.321e-1
40   0.327e-1
41   0.331e-1
42   0.334e-1
43   0.336e-1
44   0.335e-1
45   0.331e-1
46   0.324e-1
47   0.310e-1
48   0.291e-1
49   0.264e-1
50   0.229e-1
51   0.188e-1
52   0.146e-1
53   0.106e-1
54   0.730e-2
55   0.477e-2
56   0.301e-2
57   0.185e-2
58   0.113e-2
59   0.687e-3
60   0.422e-3
65   0.413e-4
70   0.512e-5
75   0.751e-6
80   0.107e-6
85   0.144e-7
90   0.150e-8
95   0.886e-10
100  0.998e-12
