#------------------------------------------------------------------
# θmin  θmax   pmin   pmax d^2(sig)/(dpdθ)
# (rad) (rad) (GeV/c) (GeV/c) [b/(rad GeV/c)]
#------------------------------------------------------------------
#                     3 GeV/c     5 GeV/c      8 GeV/c    12 GeV/c
#------------------------------------------------------------------
# tmin tmax pmin pmax  x3    ex3   x5    ex5   x8     ex8  x12   ex12
0.35 0.55 0.15 0.20 0.20   0.10 0.72   0.24 1.47   0.32 1.90   0.46
0.35 0.55 0.20 0.25 0.33   0.09 0.78   0.16 1.85   0.21 2.36   0.26
0.35 0.55 0.25 0.30 0.37   0.06 0.94   0.10 2.02   0.12 2.67   0.23
0.35 0.55 0.30 0.35 0.34   0.05 1.01   0.11 1.87   0.10 2.40   0.14
0.35 0.55 0.35 0.40 0.39   0.05 1.07   0.07 1.67   0.08 2.04   0.12
0.35 0.55 0.40 0.45 0.34   0.04 0.80   0.06 1.58   0.07 1.74   0.09
0.35 0.55 0.45 0.50 0.35   0.04 0.72   0.05 1.42   0.06 1.66   0.12
0.35 0.55 0.50 0.60 0.30   0.04 0.75   0.05 1.34   0.06 1.58   0.11
0.35 0.55 0.60 0.70 0.18   0.03 0.67   0.07 1.22   0.09 1.45   0.13
0.35 0.55 0.70 0.80 0.15   0.03 0.46   0.08 1.03   0.11 1.51   0.17

0.55 0.75 0.10 0.15 0.43   0.15 0.93   0.32 1.26   0.41 1.72   0.54
0.55 0.75 0.15 0.20 0.39   0.09 1.37   0.16 1.91   0.20 2.38   0.30
0.55 0.75 0.20 0.25 0.49   0.08 1.19   0.10 2.14   0.13 2.36   0.15
0.55 0.75 0.25 0.30 0.53   0.06 1.20   0.08 2.06   0.11 2.55   0.21
0.55 0.75 0.30 0.35 0.44   0.05 1.00   0.08 1.87   0.10 2.26   0.11
0.55 0.75 0.35 0.40 0.42   0.05 1.02   0.07 1.52   0.08 2.01   0.10
0.55 0.75 0.40 0.45 0.32   0.04 0.84   0.06 1.33   0.06 1.81   0.09
0.55 0.75 0.45 0.50 0.30   0.03 0.68   0.05 1.25   0.06 1.57   0.08
0.55 0.75 0.50 0.60 0.25   0.03 0.58   0.04 1.10   0.05 1.42   0.08
0.55 0.75 0.60 0.70 0.16   0.03 0.47   0.05 0.88   0.07 1.17   0.10
0.55 0.75 0.70 0.80 0.10   0.02 0.35   0.06 0.67   0.08 0.92   0.12

0.75 0.95 0.10 0.15 0.64   0.14 1.19   0.23 1.77   0.36 1.78   0.40
0.75 0.95 0.15 0.20 0.62   0.07 1.45   0.10 2.24   0.13 2.83   0.24
0.75 0.95 0.20 0.25 0.55   0.07 1.15   0.08 2.07   0.10 2.69   0.15
0.75 0.95 0.25 0.30 0.47   0.05 1.11   0.09 1.79   0.09 2.20   0.15
0.75 0.95 0.30 0.35 0.35   0.04 0.98   0.07 1.52   0.07 2.14   0.11
0.75 0.95 0.35 0.40 0.34   0.04 0.76   0.05 1.21   0.06 1.74   0.09
0.75 0.95 0.40 0.45 0.23   0.03 0.59   0.05 1.08   0.05 1.48   0.08
0.75 0.95 0.45 0.50 0.19   0.02 0.47   0.03 0.93   0.04 1.27   0.07
0.75 0.95 0.50 0.60 0.16   0.02 0.40   0.03 0.76   0.04 0.99   0.07
0.75 0.95 0.60 0.70 0.11   0.02 0.32   0.03 0.59   0.06 0.70   0.09

0.95 1.15 0.10 0.15 0.62   0.12 1.40   0.22 2.14   0.32 2.43   0.39
0.95 1.15 0.15 0.20 0.70   0.07 1.46   0.11 2.29   0.13 3.02   0.20
0.95 1.15 0.20 0.25 0.56   0.06 1.09   0.08 1.85   0.10 2.66   0.16
0.95 1.15 0.25 0.30 0.40   0.04 0.96   0.08 1.49   0.07 2.10   0.12
0.95 1.15 0.30 0.35 0.30   0.03 0.83   0.06 1.15   0.06 1.73   0.10
0.95 1.15 0.35 0.40 0.29   0.03 0.63   0.05 0.96   0.05 1.38   0.08
0.95 1.15 0.40 0.45 0.28   0.03 0.47   0.04 0.78   0.04 1.06   0.07
0.95 1.15 0.45 0.50 0.20   0.03 0.36   0.03 0.66   0.03 0.81   0.06
0.95 1.15 0.50 0.60 0.10   0.02 0.25   0.02 0.50   0.03 0.60   0.04

1.15 1.35 0.10 0.15 0.63   0.12 1.51   0.24 2.39   0.37 3.18   0.51
1.15 1.35 0.15 0.20 0.68   0.07 1.47   0.09 2.20   0.15 2.97   0.21
1.15 1.35 0.20 0.25 0.54   0.05 1.01   0.08 1.70   0.10 2.28   0.14
1.15 1.35 0.25 0.30 0.33   0.04 0.77   0.06 1.25   0.07 1.61   0.11
1.15 1.35 0.30 0.35 0.21   0.03 0.58   0.05 0.94   0.06 1.12   0.08
1.15 1.35 0.35 0.40 0.15   0.02 0.42   0.03 0.70   0.04 0.89   0.05
1.15 1.35 0.40 0.45 0.13   0.02 0.33   0.03 0.55   0.03 0.74   0.05
1.15 1.35 0.45 0.50 0.09   0.02 0.27   0.02 0.45   0.03 0.60   0.05

1.35 1.55 0.10 0.15 0.95   0.20 1.51   0.27 2.36   0.46 3.78   0.67
1.35 1.55 0.15 0.20 0.68   0.06 1.29   0.10 2.09   0.13 2.84   0.18
1.35 1.55 0.20 0.25 0.44   0.05 0.89   0.07 1.50   0.09 1.89   0.13
1.35 1.55 0.25 0.30 0.27   0.04 0.54   0.05 1.03   0.07 1.27   0.09
1.35 1.55 0.30 0.35 0.15   0.02 0.37   0.03 0.68   0.05 0.89   0.07
1.35 1.55 0.35 0.40 0.15   0.02 0.30   0.02 0.50   0.03 0.72   0.05
1.35 1.55 0.40 0.45 0.09   0.02 0.25   0.02 0.37   0.03 0.57   0.05
1.35 1.55 0.45 0.50 0.05   0.01 0.19   0.02 0.26   0.02 0.40   0.04

1.55 1.75 0.10 0.15 1.05   0.16 1.36   0.25 2.14   0.39 3.43   0.65
1.55 1.75 0.15 0.20 0.57   0.06 1.17   0.09 1.78   0.10 2.48   0.15
1.55 1.75 0.20 0.25 0.41   0.05 0.75   0.06 1.13   0.07 1.38   0.10
1.55 1.75 0.25 0.30 0.28   0.04 0.44   0.04 0.81   0.06 0.93   0.07
1.55 1.75 0.30 0.35 0.14   0.03 0.34   0.03 0.51   0.04 0.67   0.05
1.55 1.75 0.35 0.40 0.09   0.01 0.24   0.03 0.35   0.03 0.48   0.04
1.55 1.75 0.40 0.45 0.07   0.01 0.15   0.02 0.25   0.02 0.33   0.03
1.55 1.75 0.45 0.50 0.05   0.01 0.10   0.01 0.19   0.01 0.23   0.03

1.75 1.95 0.10 0.15 0.85   0.13 1.19   0.19 1.78   0.25 2.61   0.45
1.75 1.95 0.15 0.20 0.48   0.05 1.06   0.06 1.42   0.07 1.89   0.12
1.75 1.95 0.20 0.25 0.32   0.04 0.64   0.06 0.83   0.05 1.15   0.08
1.75 1.95 0.25 0.30 0.18   0.03 0.30   0.03 0.56   0.04 0.67   0.06
1.75 1.95 0.30 0.35 0.09   0.02 0.23   0.02 0.33   0.03 0.39   0.05
1.75 1.95 0.35 0.40 0.09   0.02 0.17   0.02 0.24   0.01 0.28   0.03
1.75 1.95 0.40 0.45 0.06   0.02 0.12   0.02 0.20   0.01 0.23   0.02
1.75 1.95 0.45 0.50 0.03   0.01 0.08   0.01 0.14   0.01 0.17   0.02

1.95 2.15 0.10 0.15 0.74   0.13 0.97   0.17 1.56   0.21 2.02   0.31
1.95 2.15 0.15 0.20 0.44   0.05 0.74   0.05 1.16   0.05 1.37   0.09
1.95 2.15 0.20 0.25 0.18   0.03 0.40   0.05 0.65   0.04 0.93   0.08
1.95 2.15 0.25 0.30 0.10   0.02 0.23   0.03 0.39   0.03 0.53   0.06
1.95 2.15 0.30 0.35 0.07   0.02 0.14   0.03 0.22   0.03 0.30   0.04
1.95 2.15 0.35 0.40 0.03   0.01 0.08   0.01 0.14   0.01 0.23   0.03
1.95 2.15 0.40 0.45 0.02   0.01 0.09   0.01 0.10   0.01 0.15   0.02
1.95 2.15 0.45 0.50 0.01   0.01 0.08   0.01 0.08   0.01 0.09   0.02
