#------------------------------------------------------------------
#θ min θ max p min p max d 2 σ π + / (dpdθ)
# (rad) (rad) (GeV/c) (GeV/c) [b/(rad GeV/c)]
#------------------------------------------------------------------
#                     3 GeV/c     5 GeV/c      8 GeV/c    12 GeV/c
#------------------------------------------------------------------
# tmin tmax pmin pmax  x3    ex3   x5    ex5   x8     ex8  x12   ex12
0.35 0.55 0.15 0.20 0.31   0.11 0.85   0.22 1.15   0.32 1.38   0.41
0.35 0.55 0.20 0.25 0.29   0.08 0.87   0.15 1.75   0.20 2.04   0.26
0.35 0.55 0.25 0.30 0.49   0.10 1.18   0.13 2.13   0.15 2.66   0.25
0.35 0.55 0.30 0.35 0.76   0.08 1.27   0.11 2.19   0.13 2.61   0.17
0.35 0.55 0.35 0.40 0.67   0.07 1.34   0.09 2.21   0.10 2.84   0.18
0.35 0.55 0.40 0.45 0.76   0.07 1.38   0.10 2.20   0.09 2.53   0.13
0.35 0.55 0.45 0.50 0.65   0.06 1.42   0.08 1.99   0.08 2.40   0.12
0.35 0.55 0.50 0.60 0.48   0.06 1.27   0.08 1.96   0.09 2.53   0.16
0.35 0.55 0.60 0.70 0.26   0.04 0.99   0.10 1.71   0.16 2.19   0.22
0.35 0.55 0.70 0.80 0.18   0.03 0.67   0.12 1.12   0.18 1.76   0.23

0.55 0.75 0.10 0.15 0.35   0.15 0.69   0.25 0.84   0.35 1.02   0.46
0.55 0.75 0.15 0.20 0.56   0.09 1.31   0.17 1.75   0.22 2.19   0.29
0.55 0.75 0.20 0.25 0.70   0.09 1.46   0.11 2.31   0.15 2.87   0.22
0.55 0.75 0.25 0.30 0.73   0.07 1.46   0.11 2.21   0.13 3.13   0.20
0.55 0.75 0.30 0.35 0.60   0.05 1.31   0.09 2.16   0.12 2.79   0.14
0.55 0.75 0.35 0.40 0.61   0.07 1.08   0.08 2.07   0.11 2.65   0.13
0.55 0.75 0.40 0.45 0.62   0.06 1.16   0.09 1.87   0.08 2.58   0.14
0.55 0.75 0.45 0.50 0.44   0.05 1.17   0.07 1.63   0.08 2.41   0.12
0.55 0.75 0.50 0.60 0.31   0.04 0.86   0.08 1.33   0.08 1.96   0.14
0.55 0.75 0.60 0.70 0.18   0.03 0.48   0.08 0.93   0.11 1.39   0.14
0.55 0.75 0.70 0.80 0.10   0.02 0.27   0.06 0.59   0.11 0.98   0.16

0.75 0.95 0.10 0.15 0.52   0.13 0.83   0.21 1.20   0.31 1.29   0.39
0.75 0.95 0.15 0.20 0.87   0.09 1.54   0.14 2.25   0.14 2.78   0.20
0.75 0.95 0.20 0.25 0.86   0.08 1.40   0.10 2.25   0.14 2.91   0.19
0.75 0.95 0.25 0.30 0.67   0.06 1.20   0.12 1.98   0.11 2.69   0.15
0.75 0.95 0.30 0.35 0.59   0.05 1.14   0.07 1.83   0.08 2.39   0.13
0.75 0.95 0.35 0.40 0.47   0.05 0.97   0.06 1.65   0.07 2.06   0.11
0.75 0.95 0.40 0.45 0.37   0.04 0.79   0.05 1.38   0.06 1.92   0.10
0.75 0.95 0.45 0.50 0.29   0.03 0.66   0.04 1.17   0.05 1.61   0.10
0.75 0.95 0.50 0.60 0.19   0.03 0.44   0.05 0.81   0.07 1.10   0.10
0.75 0.95 0.60 0.70 0.11   0.02 0.25   0.04 0.47   0.07 0.70   0.09
	  
0.95 1.15 0.10 0.15 0.55   0.13 1.02   0.20 1.40   0.25 1.55   0.36
0.95 1.15 0.15 0.20 0.92   0.08 1.56   0.11 2.31   0.17 3.00   0.20
0.95 1.15 0.20 0.25 0.68   0.07 1.43   0.09 2.01   0.13 2.68   0.16
0.95 1.15 0.25 0.30 0.71   0.07 1.12   0.10 1.56   0.10 2.07   0.13
0.95 1.15 0.30 0.35 0.48   0.05 0.84   0.07 1.31   0.09 1.74   0.11
0.95 1.15 0.35 0.40 0.32   0.04 0.72   0.05 1.07   0.06 1.62   0.10
0.95 1.15 0.40 0.45 0.25   0.03 0.55   0.04 0.85   0.05 1.33   0.08
0.95 1.15 0.45 0.50 0.16   0.02 0.45   0.04 0.65   0.04 0.96   0.08
0.95 1.15 0.50 0.60 0.09   0.02 0.24   0.03 0.44   0.05 0.59   0.07

1.15 1.35 0.10 0.15 0.67   0.14 1.27   0.21 1.68   0.28 1.75   0.35
1.15 1.35 0.15 0.20 0.90   0.08 1.49   0.10 2.32   0.15 2.88   0.23
1.15 1.35 0.20 0.25 0.64   0.06 1.17   0.08 1.96   0.10 2.53   0.15
1.15 1.35 0.25 0.30 0.51   0.05 0.92   0.06 1.32   0.07 1.87   0.13
1.15 1.35 0.30 0.35 0.32   0.04 0.64   0.05 0.91   0.07 1.27   0.09
1.15 1.35 0.35 0.40 0.21   0.03 0.45   0.04 0.74   0.04 0.89   0.06
1.15 1.35 0.40 0.45 0.15   0.02 0.32   0.03 0.55   0.04 0.65   0.05
1.15 1.35 0.45 0.50 0.10   0.02 0.22   0.03 0.37   0.03 0.43   0.05

1.35 1.55 0.10 0.15 0.79   0.15 1.39   0.27 1.74   0.35 1.83   0.40
1.35 1.55 0.15 0.20 0.90   0.08 1.46   0.11 2.08   0.17 2.51   0.20
1.35 1.55 0.20 0.25 0.72   0.06 1.02   0.07 1.68   0.09 2.01   0.14
1.35 1.55 0.25 0.30 0.36   0.05 0.66   0.05 1.01   0.06 1.53   0.11
1.35 1.55 0.30 0.35 0.21   0.03 0.47   0.05 0.71   0.05 0.89   0.08
1.35 1.55 0.35 0.40 0.13   0.02 0.32   0.03 0.53   0.04 0.63   0.06
1.35 1.55 0.40 0.45 0.07   0.01 0.21   0.02 0.40   0.03 0.43   0.04
1.35 1.55 0.45 0.50 0.05   0.01 0.14   0.02 0.23   0.03 0.27   0.03

1.55 1.75 0.10 0.15 0.80   0.17 1.21   0.23 1.62   0.32 1.93   0.42
1.55 1.75 0.15 0.20 0.73   0.07 1.38   0.11 1.83   0.12 2.28   0.16
1.55 1.75 0.20 0.25 0.52   0.05 0.96   0.07 1.38   0.09 1.71   0.12
1.55 1.75 0.25 0.30 0.29   0.04 0.56   0.05 0.81   0.05 1.00   0.09
1.55 1.75 0.30 0.35 0.17   0.02 0.38   0.04 0.54   0.04 0.65   0.06
1.55 1.75 0.35 0.40 0.11   0.02 0.25   0.02 0.37   0.03 0.46   0.04
1.55 1.75 0.40 0.45 0.06   0.01 0.16   0.02 0.23   0.02 0.31   0.04
1.55 1.75 0.45 0.50 0.04   0.01 0.11   0.01 0.15   0.02 0.18   0.03

1.75 1.95 0.10 0.15 0.81   0.13 1.02   0.17 1.47   0.21 1.64   0.28
1.75 1.95 0.15 0.20 0.67   0.06 1.23   0.08 1.60   0.08 1.97   0.12
1.75 1.95 0.20 0.25 0.36   0.04 0.75   0.07 1.03   0.07 1.29   0.10
1.75 1.95 0.25 0.30 0.16   0.03 0.36   0.04 0.56   0.04 0.62   0.07
1.75 1.95 0.30 0.35 0.09   0.02 0.22   0.03 0.32   0.03 0.40   0.04
1.75 1.95 0.35 0.40 0.07   0.02 0.14   0.02 0.20   0.02 0.21   0.03
1.75 1.95 0.40 0.45 0.04   0.01 0.09   0.01 0.13   0.02 0.12   0.02
1.75 1.95 0.45 0.50 0.02   0.01 0.06   0.01 0.06   0.01 0.07   0.01

1.95 2.15 0.10 0.15 0.88   0.13 0.81   0.12 1.13   0.17 1.41   0.22
1.95 2.15 0.15 0.20 0.64   0.06 0.93   0.06 1.19   0.06 1.40   0.11
1.95 2.15 0.20 0.25 0.36   0.05 0.56   0.05 0.74   0.06 1.04   0.09
1.95 2.15 0.25 0.30 0.15   0.03 0.25   0.05 0.39   0.04 0.44   0.06
1.95 2.15 0.30 0.35 0.07   0.02 0.13   0.02 0.19   0.02 0.24   0.03
1.95 2.15 0.35 0.40 0.03   0.01 0.10   0.01 0.11   0.01 0.16   0.02
1.95 2.15 0.40 0.45 0.02   0.01 0.06   0.01 0.06   0.01 0.09   0.02
1.95 2.15 0.45 0.50 0.02   0.01 0.03   0.01 0.04   0.01 0.06   0.02
