#------------------------------------------------------------------
# HARP 2007 Ta data
# θ min θ max p min p max d 2 σ π + / (dpdθ)
# (rad) (rad) (GeV/c) (GeV/c) [b/(rad GeV/c)]
#------------------------------------------------------------------
#                     3 GeV/c     5 GeV/c      8 GeV/c    12 GeV/c
#------------------------------------------------------------------
# tmin tmax pmin pmax  x3    ex3   x5   ex5    x8   ex8   x12   ex12
0.35 0.55 0.15 0.20 0.10  0.08  0.68  0.22  1.19  0.28  1.22  0.37
0.35 0.55 0.20 0.25 0.43  0.10  0.86  0.15  1.56  0.17  1.87  0.24
0.35 0.55 0.25 0.30 0.49  0.08  1.09  0.13  1.78  0.15  2.20  0.22
0.35 0.55 0.30 0.35 0.43  0.07  1.34  0.11  2.14  0.19  2.37  0.14
0.35 0.55 0.35 0.40 0.57  0.07  1.14  0.07  2.02  0.12  2.61  0.18
0.35 0.55 0.40 0.45 0.63  0.07  1.18  0.09  1.88  0.12  2.39  0.12
0.35 0.55 0.45 0.50 0.62  0.07  1.20  0.08  1.93  0.15  2.37  0.12
0.35 0.55 0.50 0.60 0.48  0.06  1.14  0.07  1.89  0.12  2.25  0.14
0.35 0.55 0.60 0.70 0.24  0.05  0.95  0.11  1.60  0.17  1.98  0.21
0.35 0.55 0.70 0.80 0.15  0.04  0.54  0.11  1.08  0.18  1.46  0.22
0.55 0.75 0.10 0.15 0.35  0.16  0.51  0.22  0.97  0.34  0.89  0.37
0.55 0.75 0.15 0.20 0.48  0.12  1.02  0.18  1.76  0.18  1.83  0.29
0.55 0.75 0.20 0.25 0.67  0.09  1.31  0.13  2.05  0.17  2.80  0.22
0.55 0.75 0.25 0.30 0.71  0.11  1.14  0.09  1.94  0.11  2.46  0.14
0.55 0.75 0.30 0.35 0.65  0.10  1.25  0.11  1.95  0.12  2.54  0.16
0.55 0.75 0.35 0.40 0.56  0.06  1.20  0.08  1.75  0.12  2.58  0.15
0.55 0.75 0.40 0.45 0.49  0.05  1.07  0.07  1.70  0.10  2.39  0.14
0.55 0.75 0.45 0.50 0.45  0.05  0.99  0.07  1.56  0.09  2.17  0.13
0.55 0.75 0.50 0.60 0.30  0.04  0.78  0.07  1.34  0.11  1.66  0.12
0.55 0.75 0.60 0.70 0.18  0.04  0.47  0.07  0.88  0.12  1.19  0.13
0.55 0.75 0.70 0.80 0.086 0.023 0.29  0.06  0.54  0.10  0.82  0.14
0.75 0.95 0.10 0.15 0.60  0.15  0.80  0.19  1.02  0.27  1.03  0.30
0.75 0.95 0.15 0.20 0.76  0.11  1.34  0.13  1.99  0.14  2.22  0.21
0.75 0.95 0.20 0.25 0.80  0.09  1.58  0.13  2.08  0.11  2.30  0.14
0.75 0.95 0.25 0.30 0.61  0.07  1.29  0.10  1.92  0.11  2.28  0.17
0.75 0.95 0.30 0.35 0.57  0.06  1.09  0.09  1.75  0.09  2.05  0.12
0.75 0.95 0.35 0.40 0.48  0.06  1.02  0.07  1.47  0.08  1.72  0.12
0.75 0.95 0.40 0.45 0.43  0.05  0.82  0.05  1.24  0.08  1.61  0.09
0.75 0.95 0.45 0.50 0.32  0.04  0.68  0.05  1.09  0.06  1.37  0.08
0.75 0.95 0.50 0.60 0.160 0.034 0.45  0.05  0.80  0.07  1.03  0.08
0.75 0.95 0.60 0.70 0.061 0.018 0.25  0.04  0.48  0.07  0.66  0.09
0.95 1.15 0.10 0.15 0.55  0.14  0.98  0.19  1.24  0.26  1.46  0.31
0.95 1.15 0.15 0.20 0.85  0.08  1.49  0.11  2.08  0.14  2.44  0.20
0.95 1.15 0.20 0.25 0.78  0.08  1.37  0.09  1.86  0.12  2.47  0.12
0.95 1.15 0.25 0.30 0.61  0.06  1.05  0.08  1.66  0.10  1.88  0.11
0.95 1.15 0.30 0.35 0.45  0.06  0.77  0.05  1.32  0.08  1.59  0.10
0.95 1.15 0.35 0.40 0.34  0.04  0.71  0.05  1.02  0.07  1.26  0.08
0.95 1.15 0.40 0.45 0.27  0.04  0.55  0.04  0.80  0.05  0.99  0.06
0.95 1.15 0.45 0.50 0.16  0.04  0.41  0.04  0.62  0.04  0.78  0.06
0.95 1.15 0.50 0.60 0.073 0.019 0.22  0.04  0.38  0.04  0.48  0.05
1.15 1.35 0.10 0.15 0.45  0.13  1.05  0.21  1.52  0.30  1.83  0.36
1.15 1.35 0.15 0.20 0.85  0.09  1.41  0.12  2.18  0.17  2.45  0.21
1.15 1.35 0.20 0.25 0.67  0.07  1.19  0.08  1.91  0.11  2.11  0.15
1.15 1.35 0.25 0.30 0.46  0.05  0.86  0.06  1.28  0.10  1.49  0.10
1.15 1.35 0.30 0.35 0.33  0.05  0.66  0.05  0.87  0.06  1.06  0.08
1.15 1.35 0.35 0.40 0.233 0.031 0.47  0.04  0.66  0.04  0.87  0.05
1.15 1.35 0.40 0.45 0.153 0.025 0.30  0.04  0.501 0.032 0.67  0.04
1.15 1.35 0.45 0.50 0.079 0.019 0.188 0.030 0.374 0.027 0.48  0.04
1.35 1.55 0.10 0.15 0.38  0.11  1.16  0.25  1.40  0.36  1.90  0.37
1.35 1.55 0.15 0.20 0.79  0.11  1.43  0.14  1.94  0.22  2.44  0.26
1.35 1.55 0.20 0.25 0.67  0.07  1.01  0.10  1.67  0.12  2.06  0.14
1.35 1.55 0.25 0.30 0.44  0.05  0.62  0.06  1.08  0.08  1.19  0.09
1.35 1.55 0.30 0.35 0.26  0.04  0.42  0.04  0.67  0.05  0.85  0.06
1.35 1.55 0.35 0.40 0.152 0.025 0.288 0.030 0.47  0.04  0.63  0.05
1.35 1.55 0.40 0.45 0.082 0.018 0.170 0.021 0.351 0.024 0.43  0.04
1.35 1.55 0.45 0.50 0.042 0.011 0.103 0.016 0.252 0.026 0.30  0.04
1.55 1.75 0.10 0.15 0.58  0.15  1.11  0.24  1.40  0.33  1.67  0.41
1.55 1.75 0.15 0.20 0.78  0.09  1.33  0.14  1.65  0.17  2.06  0.23
1.55 1.75 0.20 0.25 0.53  0.06  0.95  0.08  1.36  0.09  1.69  0.13
1.55 1.75 0.25 0.30 0.32  0.05  0.49  0.05  0.75  0.06  0.90  0.09
1.55 1.75 0.30 0.35 0.168 0.030 0.341 0.032 0.49  0.04  0.57  0.05
1.55 1.75 0.35 0.40 0.081 0.018 0.222 0.029 0.327 0.030 0.353 0.031
1.55 1.75 0.40 0.45 0.046 0.012 0.119 0.020 0.218 0.022 0.228 0.023
1.55 1.75 0.45 0.50 0.030 0.009 0.071 0.014 0.149 0.018 0.169 0.020
1.75 1.95 0.10 0.15 0.69  0.13  0.93  0.19  1.14  0.19  1.39  0.23
1.75 1.95 0.15 0.20 0.68  0.07  1.08  0.08  1.27  0.09  1.57  0.11
1.75 1.95 0.20 0.25 0.41  0.05  0.74  0.06  0.94  0.06  1.14  0.08
1.75 1.95 0.25 0.30 0.24  0.04  0.35  0.05  0.49  0.05  0.69  0.08
1.75 1.95 0.30 0.35 0.113 0.024 0.182 0.023 0.309 0.027 0.31  0.05
1.75 1.95 0.35 0.40 0.057 0.018 0.124 0.017 0.187 0.019 0.198 0.022
1.75 1.95 0.40 0.45 0.07  0.04  0.087 0.015 0.111 0.017 0.152 0.019
1.75 1.95 0.45 0.50 0.019 0.009 0.046 0.012 0.065 0.012 0.098 0.020
1.95 2.15 0.10 0.15 0.61  0.12  0.82  0.14  1.05  0.16  1.33  0.20
1.95 2.15 0.15 0.20 0.53  0.06  0.73  0.06  1.02  0.05  1.07  0.07
1.95 2.15 0.20 0.25 0.20  0.04  0.45  0.04  0.69  0.05  0.75  0.06
1.95 2.15 0.25 0.30 0.118 0.027 0.24  0.04  0.33  0.04  0.36  0.05
1.95 2.15 0.30 0.35 0.064 0.022 0.098 0.021 0.172 0.022 0.162 0.021
1.95 2.15 0.35 0.40 0.016 0.009 0.062 0.011 0.098 0.015 0.109 0.018
1.95 2.15 0.40 0.45 0.011 0.007 0.050 0.012 0.049 0.012 0.064 0.014
1.95 2.15 0.45 0.50 0.011 0.009 0.027 0.010 0.025 0.007 0.034 0.009
